-1.8074999999999999 2.3255 0
-1.8100000000000007 -1.67 0
1.8099999999999992 -1.6700000000000008 0
1.81 1.8099999999999994 0
-1.42 1.8099999999999998 0
-1.4200000000000006 -1.29 0
1.4199999999999995 -1.2900000000000005 0
1.42 1.4199999999999995 0
-1.04 1.42 0
-1.0400000000000005 -0.8999999999999999 0
1.0399999999999996 -0.9000000000000004 0
1.04 1.0399999999999996 0
-0.6500000000000001 1.0399999999999998 0
-0.6500000000000004 -0.5200000000000005 0
0.6499999999999995 -0.5200000000000005 0
0.6499999999999995 0.6499999999999995 0
-0.27000000000000024 0.6499999999999997 0
-0.27000000000000046 -0.13000000000000034 0
0.2699999999999996 -0.13000000000000034 0
0.2699999999999996 0.2699999999999996 0
0.11999999999999966 0.2699999999999996 0
0.11999999999999966 0.24999999999999956 0
